   1 Glen Lyn 132  1  1  3 1.060    0.0      0.0      0.0    260.2   -16.1   132.0  1.060     0.0     0.0   0.0    0.0        0
   2 Claytor  132  1  1  2 1.043  -5.48     21.7     12.7     40.0    50.0   132.0  1.045    50.0   -40.0   0.0    0.0        0
   3 Kumis    132  1  1  0 1.021  -7.96      2.4      1.2      0.0     0.0   132.0  0.0       0.0     0.0   0.0    0.0        0
   4 Hancock  132  1  1  0 1.012  -9.62      7.6      1.6      0.0     0.0   132.0  0.0       0.0     0.0   0.0    0.0        0
   5 Fieldale 132  1  1  2 1.010 -14.37     94.2     19.0      0.0    37.0   132.0  1.010    40.0   -40.0   0.0    0.0        0
   6 Roanoke  132  1  1  0 1.010 -11.34      0.0      0.0      0.0     0.0   132.0  0.0       0.0     0.0   0.0    0.0        0
   7 Blaine   132  1  1  0 1.002 -13.12     22.8     10.9      0.0     0.0   132.0  0.0       0.0     0.0   0.0    0.0        0
   8 Reusens  132  1  1  2 1.010 -12.10     30.0     30.0      0.0    37.3   132.0  1.010    40.0   -10.0   0.0    0.0        0
   9 Roanoke  1.0  1  1  0 1.051 -14.38      0.0      0.0      0.0     0.0     1.0  0.0       0.0     0.0   0.0    0.0        0
  10 Roanoke   33  1  1  0 1.045 -15.97      5.8      2.0      0.0     0.0    33.0  0.0       0.0     0.0   0.0    0.19       0
  11 Roanoke   11  1  1  2 1.082 -14.39      0.0      0.0      0.0    16.2    11.0  1.082    24.0    -6.0   0.0    0.0        0
  12 Hancock   33  1  1  0 1.057 -15.24     11.2      7.5      0.0     0.0    33.0  0.0       0.0     0.0   0.0    0.0        0
  13 Hancock   11  1  1  2 1.071 -15.24      0.0      0.0      0.0    10.6    11.0  1.071    24.0    -6.0   0.0    0.0        0
  14 Bus 14    33  1  1  0 1.042 -16.13      6.2      1.6      0.0     0.0    33.0  0.0       0.0     0.0   0.0    0.0        0
  15 Bus 15    33  1  1  0 1.038 -16.22      8.2      2.5      0.0     0.0    33.0  0.0       0.0     0.0   0.0    0.0        0
  16 Bus 16    33  1  1  0 1.045 -15.83      3.5      1.8      0.0     0.0    33.0  0.0       0.0     0.0   0.0    0.0        0
  17 Bus 17    33  1  1  0 1.040 -16.14      9.0      5.8      0.0     0.0    33.0  0.0       0.0     0.0   0.0    0.0        0
  18 Bus 18    33  1  1  0 1.028 -16.82      3.2      0.9      0.0     0.0    33.0  0.0       0.0     0.0   0.0    0.0        0
  19 Bus 19    33  1  1  0 1.026 -17.00      9.5      3.4      0.0     0.0    33.0  0.0       0.0     0.0   0.0    0.0        0
  20 Bus 20    33  1  1  0 1.030 -16.80      2.2      0.7      0.0     0.0    33.0  0.0       0.0     0.0   0.0    0.0        0
  21 Bus 21    33  1  1  0 1.033 -16.42     17.5     11.2      0.0     0.0    33.0  0.0       0.0     0.0   0.0    0.0        0
  22 Bus 22    33  1  1  0 1.033 -16.41      0.0      0.0      0.0     0.0    33.0  0.0       0.0     0.0   0.0    0.0        0
  23 Bus 23    33  1  1  0 1.027 -16.61      3.2      1.6      0.0     0.0    33.0  0.0       0.0     0.0   0.0    0.0        0
  24 Bus 24    33  1  1  0 1.021 -16.78      8.7      6.7      0.0     0.0    33.0  0.0       0.0     0.0   0.0    0.043      0
  25 Bus 25    33  1  1  0 1.017 -16.35      0.0      0.0      0.0     0.0    33.0  0.0       0.0     0.0   0.0    0.0        0
  26 Bus 26    33  1  1  0 1.000 -16.77      3.5      2.3      0.0     0.0    33.0  0.0       0.0     0.0   0.0    0.0        0
  27 Cloverdle 33  1  1  0 1.023 -15.82      0.0      0.0      0.0     0.0    33.0  0.0       0.0     0.0   0.0    0.0        0
  28 Cloverdle132  1  1  0 1.007 -11.97      0.0      0.0      0.0     0.0   132.0  0.0       0.0     0.0   0.0    0.0        0
  29 Bus 29    33  1  1  0 1.003 -17.06      2.4      0.9      0.0     0.0    33.0  0.0       0.0     0.0   0.0    0.0        0
  30 Bus 30    33  1  1  0 0.992 -17.94     10.6      1.9      0.0     0.0    33.0  0.0       0.0     0.0   0.0    0.0        0